#
#Mon Jul 15 04:02:24 BRT 2024
game.highScore=59
game.isValid=true
object.anvils.position=100.0;144.56847/438.0;381.07037/
object.cloud.position=663.7149;350.0
object.raindrops.position=274.0;30.372988/433.0;230.51735/179.0;430.47235/
player.life=3
player.position=86.0;20.0
player.score=41
